# GIMP colorrc
# 
# This file holds a list of recently used colors.

(color-history
    (color-rgba 1 1 1 1)
    (color-rgba 0 0 0 1)
    (color-rgba 0.66324786324786333 0.82650887573964515 0.99487179487179489 1)
    (color-rgba 0.64280626780626782 0.80603221564760041 0.97435897435897434 1)
    (color-rgba 0.72781339031339032 0.85171433267587127 0.97948717948717945 1)
    (color-rgba 0.75384615384615383 0.85988165680473383 0.96923076923076923 1)
    (color-rgba 0.7418803418803418 0.84623274161735706 0.95384615384615379 1)
    (color-rgba 0.6940170940170941 0.77648915187376744 0.86153846153846159 1)
    (color-rgba 0.94729344729344722 0.96061801446416839 0.97435897435897434 1)
    (color-rgba 0.02720797720797722 0.4960223537146618 0.97948717948717945 1)
    (color-rgba 0 0.46958579881656848 0.95384615384615379 1)
    (color-rgba 0.037393162393162364 0.46079881656804772 0.89743589743589747 1)
    (color-rgba 0.02507122507122508 0.23489809335963202 0.45128205128205123 1)
    (color-rgba 0.10071225071225069 0.30612097304405012 0.51794871794871788 1)
    (color-rgba 0.14334045584045582 0.51458744247205823 0.89743589743589747 1)
    (color-rgba 0.094586894586894621 0.46711374095989522 0.85128205128205126 1)
    (color-rgba 0.16987179487179491 0.48766272189349136 0.81538461538461537 1)
    (color-rgba 0.80395299145299148 0.84997534516765294 0.89743589743589747 1)
    (color-rgba 0.88717948717948714 0.88717948717948714 0.88717948717948714 1)
    (color-rgba 0.3488960113960114 0.43212195923734387 0.51794871794871788 1)
    (color-rgba 0.53397435897435896 0.6573668639053255 0.7846153846153846 1)
    (color-rgba 0.10192307692307692 0.45316568047337313 0.81538461538461537 1)
    (color-rgba 0.068803418803418837 0.44140039447731788 0.82564102564102559 1)
    (color-rgba 0.048076923076923073 0.40310650887573996 0.76923076923076916 1)
    (color-rgba 0.054700854700854729 0.27013806706114424 0.49230769230769234 1)
    (color-rgba 0.1655270655270655 0.22541748849441162 0.28717948717948716 1)
    (color-rgba 0.0540954415954416 0.15117192636423413 0.25128205128205128 1)
    (color-rgba 0.066559829059829087 0.25848619329388584 0.45641025641025645 1)
    (color-rgba 0.103525641025641 0.43883136094674591 0.7846153846153846 1)
    (color-rgba 0.2282051282051282 0.56524654832347165 0.9128205128205128 1)
    (color-rgba 0.36121794871794866 0.55451183431952678 0.75384615384615383 1)
    (color-rgba 0.61965811965811968 0.6932938856015779 0.76923076923076916 1)
    (color-rgba 0.67806267806267795 0.74819197896120981 0.82051282051282048 1)
    (color-rgba 0.66438746438746443 0.78164365548980952 0.90256410256410258 1)
    (color-rgba 0.69999999999999996 0.83254437869822495 0.96923076923076923 1)
    (color-rgba 0.73611111111111116 0.86602564102564117 1 1)
    (color-rgba 0.69088319088319083 0.84053911900065759 0.99487179487179489 1)
    (color-rgba 0.55865384615384606 0.76078402366863929 0.96923076923076923 1)
    (color-rgba 0.54387464387464379 0.74065746219592388 0.94358974358974357 1)
    (color-rgba 0.58009259259259249 0.74642176199868526 0.91794871794871791 1)
    (color-rgba 0.40801282051282051 0.63886094674556237 0.87692307692307692 1)
    (color-rgba 0.40886752136752136 0.5332593688362921 0.66153846153846152 1)
    (color-rgba 0.66153846153846152 0.40886752136752136 0.40886752136752136 1)
    (color-rgba 0.57948717948717943 0.38632478632478634 0.38632478632478634 1)
    (color-rgba 0.63076923076923075 0.49935897435897431 0.49935897435897431 1)
    (color-rgba 0.70769230769230762 0.57991452991452985 0.57991452991452985 1)
    (color-rgba 0.8307692307692307 0.61730769230769234 0.61730769230769234 1)
    (color-rgba 0.99487179487179489 0.84287749287749292 0.84287749287749292 1)
    (color-rgba 0.93333333333333335 0.79722222222222217 0.79722222222222217 1)
    (color-rgba 0.9128205128205128 0.6465811965811965 0.6465811965811965 1)
    (color-rgba 0.9128205128205128 0.56417378917378913 0.56417378917378913 1)
    (color-rgba 0.9128205128205128 0.31695156695156695 0.31695156695156695 1)
    (color-rgba 0.90256410256410258 0.10655270655270657 0.10655270655270657 1)
    (color-rgba 0.79487179487179493 0.24287749287749291 0.24287749287749291 1)
    (color-rgba 0.7846153846153846 0.23974358974358975 0.23974358974358975 1)
    (color-rgba 0.74358974358974361 0.30466524216524216 0.30466524216524216 1)
    (color-rgba 0.97989949748743721 0.97989949748743721 0.97989949748743721 1)
    (color-rgba 0.050980392156862744 0.050980392156862744 0.050980392156862744 1)
    (color-rgba 0.15254237288135597 0.15254237288135597 0.15254237288135597 1)
    (color-rgba 0.14381270903010035 0.13968904712242722 0.13968904712242722 1)
    (color-rgba 0 0 0 4.648391254445473e-310)
    (color-rgba 0.11372549019607843 0.11372549019607843 0.11372549019607843 4.673770284943324e-310)
    (color-rgba 0.12941176470588237 0.12941176470588237 0.12941176470588237 4.6737704535556761e-310)
    (color-rgba 0.050980392156862744 0.050980392156862744 0.050980392156862744 4.6737704535556761e-310)
    (color-rgba 0.050167224080267525 0.050167224080267525 0.050167224080267525 1)
    (color-rgba 0.10588235294117647 0.10588235294117647 0.10588235294117647 4.6737699009341605e-310)
    (color-rgba 0.14117647058823529 0.14117647058823529 0.14117647058823529 4.6737699009341605e-310)
    (color-rgba 0.10196078431372549 0.10196078431372549 0.10196078431372549 4.6737699009341605e-310)
    (color-rgba 0.11764705882352941 0.11764705882352941 0.11764705882352941 4.6737699009341605e-310)
    (color-rgba 0.12886597938144329 0.12886597938144329 0.12886597938144329 1)
    (color-rgba 0.10606060606060608 0.10606060606060608 0.10606060606060608 1)
    (color-rgba 0.14141414141414144 0.14141414141414144 0.14141414141414144 1)
    (color-rgba 0.10101010101010099 0.10101010101010099 0.10101010101010099 1)
    (color-rgba 0.11340206185567014 0.11340206185567014 0.11340206185567014 1)
    (color-rgba 0.11855670103092786 0.11775019286064943 0.11775019286064943 1)
    (color-rgba 0.11855670103092786 0.11855670103092786 0.11855670103092786 1)
    (color-rgba 0.15656565656565657 0.15656565656565657 0.15656565656565657 1)
    (color-rgba 0.2010309278350515 0.19692825583841778 0.19692825583841778 1)
    (color-rgba 0.19072164948453607 0.18682937092362717 0.18682937092362717 1))

# end of colorrc
